0 0.4615921787709497 0.38333333333333336 0.03770949720670391 0.16
0 0.48393854748603354 0.6216666666666667 0.040502793296089384 0.17666666666666667
0 0.553072625698324 0.45 0.036312849162011177 0.14666666666666667
0 0.5726256983240223 0.6366666666666667 0.04189944134078213 0.13333333333333333
0 0.5844972067039106 0.39333333333333337 0.051675977653631286 0.13333333333333333
0 0.6389664804469274 0.5583333333333333 0.046089385474860335 0.18333333333333335
0 0.7660614525139665 0.1 0.029329608938547486 0.12666666666666668
0 0.7730446927374302 0.26333333333333336 0.040502793296089384 0.12000000000000001
0 0.8142458100558659 0.04666666666666667 0.03910614525139665 0.05333333333333334
0 0.8184357541899442 0.40166666666666667 0.0446927374301676 0.15666666666666668
0 0.7667597765363129 0.43000000000000005 0.0446927374301676 0.19333333333333336
0 0.8142458100558659 0.12333333333333334 0.030726256983240226 0.14666666666666667
0 0.8519553072625698 0.265 0.0223463687150838 0.13
0 0.49022346368715086 0.09833333333333334 0.0335195530726257 0.13
0 0.5006983240223464 0.20333333333333334 0.029329608938547486 0.12666666666666668
0 0.5314245810055866 0.25333333333333335 0.03212290502793296 0.14666666666666667
0 0.6194134078212291 0.19166666666666668 0.048882681564245814 0.1366666666666667
0 0.6766759776536313 0.30333333333333334 0.034916201117318434 0.14
0 0.6850558659217877 0.09333333333333334 0.04329608938547486 0.12666666666666668
0 0.3128491620111732 0.5733333333333334 0.0446927374301676 0.14666666666666667
0 0.33449720670391064 0.36000000000000004 0.046089385474860335 0.12000000000000001
0 0.35544692737430167 0.43833333333333335 0.040502793296089384 0.10333333333333335
0 0.3687150837988827 0.5083333333333334 0.04189944134078213 0.1366666666666667
0 0.22276536312849163 0.21333333333333335 0.034916201117318434 0.13333333333333333
0 0.27863128491620115 0.09333333333333334 0.03770949720670391 0.10666666666666667
0 0.33379888268156427 0.15166666666666667 0.030726256983240226 0.11666666666666667
0 0.3819832402234637 0.17666666666666667 0.03212290502793296 0.12666666666666668
0 0.41061452513966484 0.10333333333333335 0.036312849162011177 0.1
0 0.4308659217877095 0.18000000000000002 0.029329608938547486 0.12666666666666668
0 0.2032122905027933 0.35833333333333334 0.046089385474860335 0.12333333333333334
0 0.20600558659217877 0.455 0.03770949720670391 0.12333333333333334
0 0.2409217877094972 0.6566666666666667 0.054469273743016765 0.12666666666666668
0 0.28282122905027934 0.3166666666666667 0.03212290502793296 0.12000000000000001
0 0.052374301675977654 0.2733333333333334 0.046089385474860335 0.12666666666666668
0 0.06634078212290503 0.09333333333333334 0.034916201117318434 0.09333333333333334
0 0.11522346368715085 0.3816666666666667 0.03770949720670391 0.1366666666666667
0 0.14315642458100558 0.11666666666666667 0.029329608938547486 0.10666666666666667
0 0.12918994413407822 0.19166666666666668 0.034916201117318434 0.1366666666666667
0 0.01606145251396648 0.6033333333333334 0.03212290502793296 0.15333333333333335
0 0.07402234636871509 0.64 0.05307262569832402 0.16
1 0.7150837988826816 0.4066666666666667 0.03910614525139665 0.19333333333333336
