1 0.737 0.47408536585365857 0.134 0.24085365853658539
1 0.766 0.6798780487804879 0.17200000000000001 0.2682926829268293
1 0.848 0.6371951219512195 0.128 0.27439024390243905
1 0.848 0.45884146341463417 0.092 0.23475609756097562
1 0.9430000000000001 0.524390243902439 0.11 0.25609756097560976
1 0.931 0.8414634146341464 0.134 0.3048780487804878
1 0.789 0.17835365853658539 0.094 0.19207317073170732
1 0.887 0.08841463414634147 0.08600000000000001 0.1524390243902439
1 0.912 0.3201219512195122 0.1 0.20121951219512196
1 0.516 0.4451219512195122 0.132 0.21951219512195122
1 0.557 0.7545731707317074 0.14200000000000002 0.27134146341463417
1 0.596 0.6112804878048781 0.14400000000000002 0.23475609756097562
1 0.587 0.41158536585365857 0.10200000000000001 0.25
1 0.654 0.27134146341463417 0.096 0.18292682926829268
1 0.489 0.10823170731707317 0.082 0.18597560975609756
1 0.5740000000000001 0.12804878048780488 0.07200000000000001 0.20121951219512196
1 0.211 0.586890243902439 0.126 0.2652439024390244
1 0.259 0.8597560975609756 0.126 0.27439024390243905
1 0.309 0.6067073170731707 0.13 0.25609756097560976
1 0.335 0.3460365853658537 0.094 0.2225609756097561
1 0.41500000000000004 0.8353658536585367 0.154 0.29878048780487804
1 0.41000000000000003 0.4573170731707317 0.116 0.23170731707317074
1 0.421 0.19207317073170732 0.078 0.17682926829268295
1 0.254 0.19207317073170732 0.084 0.17682926829268295
1 0.05 0.3826219512195122 0.096 0.2103658536585366
1 0.09 0.6524390243902439 0.16 0.3170731707317073
1 0.11800000000000001 0.25152439024390244 0.108 0.1676829268292683
1 0.16 0.16310975609756098 0.096 0.14329268292682928
