1 0.747008547008547 0.36833333333333335 0.11623931623931624 0.2833333333333333
1 0.7769230769230769 0.6266666666666667 0.14871794871794872 0.33333333333333337
1 0.8324786324786325 0.32 0.11282051282051282 0.26
1 0.8512820512820513 0.5800000000000001 0.13333333333333333 0.29333333333333333
1 0.911965811965812 0.19333333333333336 0.11452991452991453 0.24666666666666667
1 0.9427350427350427 0.43500000000000005 0.1111111111111111 0.29000000000000004
1 0.9333333333333333 0.8216666666666668 0.12991452991452992 0.35000000000000003
1 0.517948717948718 0.3383333333333334 0.11282051282051282 0.30333333333333334
1 0.5623931623931624 0.7200000000000001 0.14017094017094017 0.32666666666666666
1 0.6085470085470085 0.5666666666666667 0.1606837606837607 0.2733333333333334
1 0.6008547008547008 0.2816666666666667 0.10085470085470086 0.27
1 0.6504273504273504 0.12333333333333334 0.10427350427350428 0.22666666666666668
1 0.26495726495726496 0.8333333333333334 0.14017094017094017 0.32
1 0.30427350427350425 0.555 0.14017094017094017 0.32333333333333336
1 0.32393162393162395 0.21500000000000002 0.10427350427350428 0.23
1 0.4188034188034188 0.8266666666666668 0.15042735042735042 0.33333333333333337
1 0.4128205128205128 0.35000000000000003 0.10427350427350428 0.25333333333333335
1 0.04700854700854701 0.25 0.09401709401709402 0.24000000000000002
1 0.0811965811965812 0.5516666666666667 0.14188034188034188 0.33
1 0.12393162393162394 0.10833333333333334 0.09401709401709402 0.17666666666666667
1 0.20598290598290597 0.4916666666666667 0.12478632478632479 0.30333333333333334
