1 0.8670058139534884 0.659156976744186 0.2562984496124031 0.3633720930232558
1 0.7625968992248062 0.5087209302325582 0.0939922480620155 0.1744186046511628
1 0.6564922480620154 0.44004360465116277 0.045542635658914726 0.09956395348837209
1 0.561046511627907 0.4484011627906977 0.06782945736434108 0.13662790697674418
1 0.4309593023255814 0.4211482558139535 0.056686046511627904 0.12863372093023256
1 0.3493217054263566 0.42441860465116277 0.05135658914728682 0.10610465116279069
1 0.2953003875968992 0.4429505813953488 0.04312015503875969 0.08938953488372092
1 0.23304263565891473 0.39752906976744184 0.03488372093023256 0.07267441860465117
1 0.22965116279069767 0.46584302325581395 0.041666666666666664 0.07267441860465117
1 0.1749031007751938 0.4356831395348837 0.045542635658914726 0.07921511627906977
1 0.12427325581395349 0.454578488372093 0.041182170542635656 0.07485465116279069
1 0.125 0.39316860465116277 0.029069767441860465 0.06395348837209303
1 0.0869670542635659 0.42441860465116277 0.036337209302325583 0.06831395348837209
1 0.034156976744186045 0.4680232558139535 0.06637596899224806 0.11046511627906977
1 0.10489341085271317 0.7212936046511628 0.08575581395348837 0.11409883720930232
