0 0.6308333333333334 0.413125 0.05666666666666667 0.08375
0 0.8008333333333334 0.378125 0.05333333333333334 0.10625
0 0.8533333333333334 0.40625 0.03833333333333334 0.12
0 0.8891666666666668 0.35125 0.05333333333333334 0.12
0 0.19416666666666668 0.328125 0.06333333333333334 0.11625
0 0.23750000000000002 0.385625 0.043333333333333335 0.08875
0 0.30333333333333334 0.413125 0.055 0.13375
0 0.3641666666666667 0.42812500000000003 0.03666666666666667 0.09625
0 0.4241666666666667 0.3425 0.05666666666666667 0.095
0 0.4816666666666667 0.388125 0.04833333333333334 0.09625
