0 0.8260000000000001 0.6321321321321322 0.048 0.0990990990990991
0 0.782 0.5570570570570571 0.032 0.07507507507507508
0 0.886 0.5525525525525525 0.032 0.06606606606606606
0 0.737 0.5480480480480481 0.03 0.07507507507507508
0 0.835 0.539039039039039 0.034 0.06306306306306306
0 0.383 0.6336336336336337 0.058 0.08408408408408408
0 0.37 0.5330330330330331 0.032 0.06306306306306306
0 0.4 0.5690690690690691 0.036000000000000004 0.06306306306306306
0 0.452 0.6486486486486487 0.048 0.12012012012012012
0 0.47600000000000003 0.5795795795795796 0.036000000000000004 0.0960960960960961
0 0.514 0.5435435435435435 0.036000000000000004 0.07807807807807808
0 0.899 0.9264264264264264 0.08600000000000001 0.12312312312312312
0 0.789 0.8153153153153153 0.094 0.13513513513513514
0 0.842 0.7582582582582582 0.068 0.0990990990990991
0 0.762 0.6816816816816816 0.052000000000000005 0.11411411411411411
0 0.98 0.6906906906906907 0.036000000000000004 0.09009009009009009
0 0.891 0.6756756756756757 0.07 0.11411411411411411
0 0.613 0.8333333333333334 0.07 0.16516516516516516
0 0.624 0.7087087087087087 0.052000000000000005 0.10810810810810811
0 0.651 0.7747747747747747 0.05 0.10810810810810811
0 0.6960000000000001 0.7372372372372372 0.052000000000000005 0.13513513513513514
0 0.714 0.6036036036036035 0.036000000000000004 0.0960960960960961
0 0.671 0.6141141141141141 0.042 0.09309309309309309
0 0.627 0.581081081081081 0.042 0.08708708708708708
0 0.5760000000000001 0.5975975975975976 0.06 0.1021021021021021
0 0.244 0.6291291291291291 0.064 0.0990990990990991
0 0.255 0.5570570570570571 0.034 0.06906906906906907
0 0.317 0.5480480480480481 0.034 0.07507507507507508
0 0.341 0.5975975975975976 0.042 0.0960960960960961
0 0.266 0.5195195195195195 0.032 0.05405405405405406
0 0.303 0.7507507507507507 0.054 0.12012012012012012
0 0.394 0.7162162162162162 0.04 0.09309309309309309
0 0.465 0.8393393393393394 0.054 0.14714714714714713
0 0.522 0.8978978978978979 0.096 0.18618618618618618
0 0.549 0.7432432432432432 0.066 0.14114114114114115
0 0.022 0.466966966966967 0.048 0.16516516516516516
0 0.054 0.4369369369369369 0.076 0.12912912912912913
0 0.089 0.6201201201201201 0.08600000000000001 0.17117117117117117
0 0.135 0.7567567567567568 0.11800000000000001 0.23423423423423423
0 0.182 0.5405405405405406 0.036000000000000004 0.04804804804804805
