1 0.7851985559566788 0.4366666666666667 0.10469314079422383 0.28
1 0.7815884476534296 0.20500000000000002 0.09386281588447654 0.31
1 0.8907942238267148 0.23833333333333334 0.10649819494584838 0.2966666666666667
1 0.9557761732851986 0.3116666666666667 0.08483754512635379 0.25
1 0.9557761732851986 0.065 0.08483754512635379 0.11
1 0.8790613718411553 0.5316666666666667 0.11552346570397112 0.2833333333333333
1 0.9720216606498195 0.5733333333333334 0.052346570397111915 0.37333333333333335
1 0.5631768953068592 0.28833333333333333 0.08664259927797835 0.27666666666666667
1 0.6110108303249098 0.48500000000000004 0.09566787003610108 0.31
1 0.6155234657039711 0.15166666666666667 0.08664259927797835 0.26333333333333336
1 0.6913357400722022 0.2833333333333333 0.08664259927797835 0.26666666666666666
1 0.7066787003610109 0.5833333333333334 0.09927797833935019 0.32666666666666666
1 0.3844765342960289 0.09000000000000001 0.09386281588447654 0.18000000000000002
1 0.3862815884476534 0.375 0.09025270758122744 0.25
1 0.4629963898916968 0.3216666666666667 0.09205776173285199 0.2566666666666667
1 0.46389891696750907 0.06166666666666667 0.08664259927797835 0.12333333333333334
1 0.4927797833935018 0.5966666666666667 0.12274368231046932 0.35333333333333333
1 0.06498194945848376 0.34500000000000003 0.11191335740072203 0.29000000000000004
1 0.06407942238267149 0.07333333333333333 0.09566787003610108 0.14666666666666667
1 0.1759927797833935 0.2733333333333334 0.0884476534296029 0.25333333333333335
1 0.22111913357400723 0.16666666666666669 0.09566787003610108 0.24666666666666667
1 0.29783393501805056 0.315 0.10108303249097474 0.24333333333333335
1 0.1055956678700361 0.5533333333333333 0.09927797833935019 0.31333333333333335
1 0.21750902527075813 0.5283333333333333 0.09205776173285199 0.27666666666666667
1 0.32671480144404336 0.5800000000000001 0.09386281588447654 0.32
