1 0.68625 0.6341463414634146 0.1975 0.46689895470383275
1 0.68625 0.1602787456445993 0.17250000000000001 0.2926829268292683
1 0.82625 0.24738675958188153 0.1225 0.22996515679442509
1 0.935 0.3118466898954704 0.125 0.2264808362369338
1 0.88625 0.6306620209059234 0.2125 0.4808362369337979
1 0.08875 0.4843205574912892 0.17250000000000001 0.6132404181184669
1 0.1975 0.10801393728222997 0.185 0.20209059233449478
1 0.29625 0.5627177700348432 0.2575 0.4912891986062718
1 0.36 0.15331010452961671 0.13 0.27177700348432055
1 0.4975 0.5818815331010453 0.2 0.46689895470383275
1 0.47375 0.11846689895470383 0.1475 0.23693379790940766
