1 0.42890625000000004 0.7743732590529248 0.0890625 0.233983286908078
1 0.59375 0.4777158774373259 0.07500000000000001 0.21448467966573817
1 0.29531250000000003 0.3969359331476323 0.043750000000000004 0.10306406685236769
1 0.36640625000000004 0.40250696378830086 0.0328125 0.10863509749303621
1 0.4453125 0.40807799442896936 0.040625 0.11420612813370473
1 0.49843750000000003 0.42479108635097496 0.040625 0.10863509749303621
1 0.41484375 0.4178272980501393 0.0328125 0.08356545961002786
1 0.7640625000000001 0.415041782729805 0.05 0.11142061281337047
1 0.70078125 0.4805013927576602 0.051562500000000004 0.09749303621169916
1 0.23125 0.4192200557103064 0.03125 0.0584958217270195
